DATASET_HEATMAP
######
#Dataset file to be used for displaying heatmap at html://itol.embl.de
######

SEPARATOR SPACE
DATASET_LABEL Bray-Curtis Similarity
COLOR #ff0000
FIELD_LABELS S_Bongori_NCTC12419 S_Schwarzengrund_CVM19633 S_ParatyphiA_AKU12601 S_ParatyphiA_ATCC9150 S_Typhi_CT18 S_Typhi_Ty2 S_Choleraesuis_SCB67 S_ParatyphiC_RKS4594 S_Newport_SL254 S_Heidelberg_SL476 S_Typhimurium_LT2 S_Typhimurium_ST313_AGEnt S_Typhimurium_SL1344 S_ParatyphiB_SPB7 S_Abortusovis_SR44 S_Agona_SL483 S_Dublin_CT02021853 S_Enteritidis_P125109 S_Gallinarum_28791 S_Gall_Pullorum_RKS5078
FIELD_TREE (S_Bongori_NCTC12419:0.67389,S_Schwarzengrund_CVM19633:0.1951,(((S_ParatyphiA_AKU12601:0.06286,S_ParatyphiA_ATCC9150:0.02515)1.000:0.06963,(S_Typhi_CT18:0.09337,S_Typhi_Ty2:0.04058)1.000:0.08228)1.000:0.0873,((((S_Choleraesuis_SCB67:0.08354,S_ParatyphiC_RKS4594:0.05967)1.000:0.07252,S_Newport_SL254:0.15615)0.300:0.0088,(S_Heidelberg_SL476:0.12896,((S_Typhimurium_LT2:0.0431,S_Typhimurium_ST313_AGEnt:0.06485)0.000:0.00962,S_Typhimurium_SL1344:0.04)1.000:0.04899)0.740:0.01268)0.330:0.00817,(S_ParatyphiB_SPB7:0.15119,((S_Abortusovis_SR44:0.1439,S_Agona_SL483:0.17058)0.490:0.01088,(S_Dublin_CT02021853:0.07286,(S_Enteritidis_P125109:0.03507,(S_Gallinarum_28791:0.00186,S_Gall_Pullorum_RKS5078:0.0112)1.000:0.0495)1.000:0.02088)1.000:0.06268)0.150:0.00397)0.130:0.0039)0.990:0.04006)0.360:0.0044);
SHOW_TREE 0
USE_MID_COLOR 1
COLOR_MIN #0000FF
COLOR_MID #FFFF00
COLOR_MAX #FF0000
COLOR_NAN #000000

DATA
S_Bongori_NCTC12419 null 0.13101 0.10019 0.10450 0.08775 0.10057 0.11698 0.13431 0.12800 0.12058 0.12255 0.12754 0.13457 0.12487 0.12282 0.12597 0.12938 0.13083 0.12147 0.11510
S_Schwarzengrund_CVM19633 0.13101 null 0.58767 0.61969 0.54592 0.59264 0.61213 0.57721 0.62385 0.60222 0.63104 0.60955 0.65450 0.61798 0.56965 0.56276 0.61334 0.63885 0.60621 0.59850
S_ParatyphiA_AKU12601 0.10019 0.58767 null 0.91200 0.76747 0.72049 0.55496 0.58249 0.58851 0.61704 0.58169 0.56617 0.59724 0.57000 0.55778 0.57795 0.60227 0.61463 0.59885 0.58992
S_ParatyphiA_ATCC9150 0.10450 0.61969 0.91200 null 0.68591 0.77457 0.57583 0.62312 0.61768 0.65452 0.63099 0.60488 0.64912 0.61932 0.60044 0.61667 0.65310 0.67173 0.65497 0.64567
S_Typhi_CT18 0.08775 0.54592 0.76747 0.68591 null 0.86605 0.51858 0.57665 0.54252 0.53260 0.55493 0.51761 0.56539 0.53770 0.49903 0.52419 0.55288 0.56193 0.54152 0.53130
S_Typhi_Ty2 0.10057 0.59264 0.72049 0.77457 0.86605 null 0.56206 0.64321 0.58720 0.58303 0.61847 0.57719 0.63165 0.60042 0.56255 0.58459 0.61553 0.63084 0.61006 0.59907
S_Choleraesuis_SCB67 0.11698 0.61213 0.55496 0.57583 0.51858 0.56206 null 0.85679 0.69064 0.68230 0.72361 0.71524 0.71200 0.65117 0.70066 0.61613 0.70067 0.70148 0.68658 0.67585
S_ParatyphiC_RKS4594 0.13431 0.57721 0.58249 0.62312 0.57665 0.64321 0.85679 null 0.70880 0.72023 0.74813 0.72051 0.72844 0.68084 0.72669 0.65396 0.73367 0.73020 0.72709 0.71676
S_Newport_SL254 0.12800 0.62385 0.58851 0.61768 0.54252 0.58720 0.69064 0.70880 null 0.70618 0.71764 0.69428 0.74012 0.66940 0.63616 0.63060 0.66895 0.69458 0.68438 0.67560
S_Heidelberg_SL476 0.12058 0.60222 0.61704 0.65452 0.53260 0.58303 0.68230 0.72023 0.70618 null 0.76754 0.73785 0.78781 0.69826 0.68771 0.66163 0.69147 0.71977 0.70444 0.69509
S_Typhimurium_LT2 0.12255 0.63104 0.58169 0.63099 0.55493 0.61847 0.72361 0.74813 0.71764 0.76754 null 0.89205 0.92258 0.72233 0.72919 0.69376 0.75192 0.74310 0.72914 0.71752
S_Typhimurium_ST313_AGEnt 0.12754 0.60955 0.56617 0.60488 0.51761 0.57719 0.71524 0.72051 0.69428 0.73785 0.89205 null 0.87024 0.71214 0.73290 0.65786 0.73031 0.71651 0.69068 0.67980
S_Typhimurium_SL1344 0.13457 0.65450 0.59724 0.64912 0.56539 0.63165 0.71200 0.72844 0.74012 0.78781 0.92258 0.87024 null 0.75859 0.72769 0.70778 0.76115 0.77498 0.74562 0.73392
S_ParatyphiB_SPB7 0.12487 0.61798 0.57000 0.61932 0.53770 0.60042 0.65117 0.68084 0.66940 0.69826 0.72233 0.71214 0.75859 null 0.69222 0.65947 0.69583 0.73896 0.72731 0.71864
S_Abortusovis_SR44 0.12282 0.56965 0.55778 0.60044 0.49903 0.56255 0.70066 0.72669 0.63616 0.68771 0.72919 0.73290 0.72769 0.69222 null 0.68552 0.69535 0.73153 0.70704 0.70752
S_Agona_SL483 0.12597 0.56276 0.57795 0.61667 0.52419 0.58459 0.61613 0.65396 0.63060 0.66163 0.69376 0.65786 0.70778 0.65947 0.68552 null 0.67315 0.71605 0.71080 0.69846
S_Dublin_CT02021853 0.12938 0.61334 0.60227 0.65310 0.55288 0.61553 0.70067 0.73367 0.66895 0.69147 0.75192 0.73031 0.76115 0.69583 0.69535 0.67315 null 0.86737 0.85949 0.84865
S_Enteritidis_P125109 0.13083 0.63885 0.61463 0.67173 0.56193 0.63084 0.70148 0.73020 0.69458 0.71977 0.74310 0.71651 0.77498 0.73896 0.73153 0.71605 0.86737 null 0.91458 0.90323
S_Gallinarum_28791 0.12147 0.60621 0.59885 0.65497 0.54152 0.61006 0.68658 0.72709 0.68438 0.70444 0.72914 0.69068 0.74562 0.72731 0.70704 0.71080 0.85949 0.91458 null 0.98694
S_Gall_Pullorum_RKS5078 0.11510 0.59850 0.58992 0.64567 0.53130 0.59907 0.67585 0.71676 0.67560 0.69509 0.71752 0.67980 0.73392 0.71864 0.70752 0.69846 0.84865 0.90323 0.98694 null
