#Rank	Path	LengthInKmers	Flows
0	0	19646	3
1	1	24360	3
0	1000000	21818	3
1	1000001	22824	3
0	2000000	18958	3
1	2000001	20085	3
0	3000000	15125	3
0	4000000	19035	3
1	3000001	18651	3
1	4000001	16932	3
0	5000000	17174	3
0	6000000	13655	3
1	5000001	16295	3
0	7000000	14118	3
1	6000001	15861	3
0	8000000	14551	3
1	7000001	16229	3
0	9000000	14500	3
1	8000001	16203	3
0	10000000	15062	3
1	9000001	14775	3
0	11000000	12648	3
1	10000001	14674	3
0	12000000	12891	3
1	11000001	13738	3
0	13000000	12820	3
1	12000001	14888	3
0	14000000	12460	3
1	13000001	12603	3
0	15000000	12011	3
1	14000001	12716	3
0	16000000	12121	3
1	15000001	13279	3
0	17000000	17150	3
1	16000001	11813	3
0	18000000	12283	3
1	17000001	12461	3
0	19000000	11864	3
1	18000001	15116	3
0	20000000	11081	3
1	19000001	13922	3
0	21000000	11765	3
1	20000001	11660	3
0	22000000	14164	3
1	21000001	11684	3
0	23000000	13854	3
1	22000001	14428	3
0	24000000	10884	3
0	25000000	10292	3
1	23000001	17013	3
0	26000000	10278	3
1	24000001	11031	3
0	27000000	13761	3
1	25000001	12690	3
0	28000000	10131	3
1	26000001	10611	3
0	29000000	11366	3
1	27000001	10973	3
0	30000000	12614	3
1	28000001	9807	3
1	29000001	10124	3
0	31000000	13964	3
1	30000001	10516	3
0	32000000	11112	3
0	33000000	10405	3
1	31000001	12675	3
0	34000000	9608	3
1	32000001	9701	3
1	33000001	12844	3
0	36000000	13156	3
1	34000001	9435	3
0	37000000	10295	3
0	38000000	9215	3
1	35000001	10139	3
1	36000001	9498	3
0	39000000	11498	3
0	40000000	9579	3
1	37000001	12999	3
0	41000000	9571	3
1	38000001	10256	3
0	42000000	10179	3
1	39000001	10056	3
0	43000000	9441	3
1	40000001	9330	3
0	44000000	11566	3
1	41000001	8904	3
1	42000001	8739	3
0	45000000	10412	3
1	43000001	9027	3
0	46000000	8712	3
0	47000000	9132	3
1	44000001	11016	3
0	48000000	10036	3
1	45000001	13122	3
0	49000000	8664	3
1	46000001	10722	3
0	50000000	9071	3
1	48000001	9741	3
0	51000000	8700	3
1	49000001	9088	3
0	52000000	8467	3
1	50000001	8699	3
0	53000000	8562	3
0	54000000	8505	3
1	51000001	13114	3
0	55000000	11450	3
1	52000001	8963	3
0	56000000	9592	3
1	53000001	8259	3
0	57000000	9036	3
1	54000001	8274	3
1	55000001	8773	3
0	58000000	12381	3
1	56000001	8592	3
0	59000000	8573	3
1	57000001	9168	3
0	60000000	9156	3
1	58000001	10117	3
0	61000000	9019	3
1	59000001	7727	3
0	62000000	8304	3
1	60000001	11113	3
0	63000000	9935	3
1	62000001	7459	3
0	64000000	8215	3
1	63000001	10637	3
0	65000000	8791	3
0	66000000	8027	3
1	64000001	8987	3
1	65000001	8938	3
0	67000000	9165	3
0	68000000	8119	3
1	66000001	9797	3
0	69000000	8822	3
1	67000001	10608	3
0	70000000	9421	3
1	68000001	8109	3
1	69000001	7640	3
0	71000000	8842	3
0	72000000	7654	3
1	70000001	7843	3
1	71000001	7037	3
0	73000000	7626	3
1	72000001	7822	3
0	74000000	9324	3
1	73000001	7596	3
0	75000000	8301	3
1	75000001	6930	3
0	76000000	8133	3
1	76000001	9157	3
0	77000000	7749	3
1	77000001	7249	3
0	78000000	9256	3
1	78000001	6664	3
0	79000000	9057	3
1	79000001	10347	3
0	80000000	8460	3
1	80000001	7640	3
0	81000000	8191	3
1	81000001	6924	3
1	82000001	6853	3
0	82000000	8054	3
0	83000000	7356	3
1	83000001	8269	3
0	84000000	6809	3
1	84000001	9640	3
0	85000000	7676	3
1	85000001	9931	3
0	88000000	7931	3
1	86000001	6250	3
0	89000000	7180	3
1	87000001	7374	3
0	91000000	7227	3
1	88000001	6723	3
1	89000001	6187	3
0	93000000	7023	3
1	90000001	7127	3
0	94000000	8294	3
1	91000001	6156	3
0	95000000	7521	3
1	92000001	6706	3
0	96000000	6432	3
1	93000001	7258	3
0	98000000	6708	3
1	95000001	6010	3
0	99000000	8051	3
1	96000001	8595	3
0	101000000	6635	3
1	97000001	6505	3
0	102000000	6514	3
1	98000001	7449	3
0	103000000	8413	3
0	104000000	6149	3
1	99000001	7684	3
1	100000001	6011	3
0	105000000	8713	3
0	106000000	6119	3
1	101000001	10701	3
1	102000001	6507	3
0	108000000	7488	3
0	109000000	7360	3
1	103000001	7496	3
1	104000001	6259	3
0	110000000	7743	3
1	105000001	9103	3
0	111000000	7377	3
1	106000001	9052	3
0	112000000	6537	3
1	107000001	5715	3
0	113000000	6496	3
1	108000001	5648	3
0	114000000	5905	3
1	109000001	6758	3
0	115000000	6941	3
1	110000001	6147	3
0	116000000	7247	3
1	111000001	6724	3
0	117000000	5633	3
1	112000001	5860	3
0	118000000	6363	3
1	113000001	6804	3
0	119000000	6150	3
1	114000001	5645	3
0	120000000	5761	3
1	115000001	8105	3
0	121000000	7233	3
1	116000001	6265	3
0	122000000	6820	3
1	117000001	5751	3
0	124000000	7450	3
1	118000001	9423	3
0	125000000	7338	3
1	119000001	5408	3
0	126000000	5502	3
1	120000001	5728	3
0	128000000	5916	3
1	121000001	7098	3
0	129000000	7551	3
1	122000001	7055	3
0	130000000	8324	3
1	124000001	6345	3
0	132000000	5372	3
1	125000001	8009	3
0	133000000	8140	3
1	126000001	5422	3
0	134000000	7024	3
1	127000001	5508	3
1	128000001	5565	3
0	135000000	9314	3
1	129000001	5167	3
0	136000000	5616	3
1	131000001	5944	3
0	137000000	9545	3
1	132000001	6379	3
1	133000001	5365	2
0	138000000	6523	3
0	139000000	5645	3
1	135000001	8580	3
0	142000000	5038	3
1	136000001	7467	3
0	143000000	5194	3
1	137000001	6143	3
0	145000000	5660	3
1	139000001	6788	3
0	148000000	6306	3
0	149000000	4896	3
1	140000001	7283	3
0	151000000	5730	3
1	141000001	6521	3
0	152000000	6793	3
1	142000001	5730	3
0	153000000	6188	3
1	143000001	8835	3
0	155000000	4794	3
1	144000001	6074	3
0	156000000	6256	3
1	145000001	4870	3
0	157000000	4967	3
1	146000001	5348	3
0	159000000	4977	3
1	147000001	5584	3
0	160000000	6196	3
1	148000001	6148	3
0	161000000	5488	3
1	149000001	5219	3
0	162000000	5926	3
1	150000001	6389	3
0	163000000	6599	3
1	151000001	5409	3
0	164000000	6888	3
1	152000001	5904	3
0	165000000	5200	3
1	154000001	5182	3
0	166000000	6894	3
1	155000001	8016	3
0	167000000	6635	3
1	156000001	6025	3
0	168000000	6197	3
1	157000001	4608	3
0	169000000	6092	3
1	158000001	4604	3
0	170000000	5619	3
1	159000001	5993	3
0	171000000	5465	3
1	160000001	5142	3
0	172000000	5371	3
1	161000001	4515	3
0	173000000	4478	3
0	174000000	5112	3
1	162000001	6908	3
0	175000000	4453	3
1	163000001	5395	3
0	177000000	4436	3
1	164000001	4911	3
0	178000000	4436	3
1	166000001	4428	3
0	180000000	4599	3
1	167000001	8592	3
0	181000000	6423	3
1	168000001	4701	3
0	182000000	5393	3
1	171000001	5080	3
0	183000000	5702	3
0	184000000	4670	3
1	172000001	7354	3
0	185000000	4991	3
1	173000001	5592	3
0	186000000	4431	3
1	174000001	4981	3
0	188000000	4159	3
1	175000001	5303	3
0	189000000	6814	3
1	176000001	5927	3
0	190000000	6607	3
1	177000001	4356	3
0	191000000	4462	3
0	192000000	4170	3
1	178000001	10113	3
0	193000000	5230	3
1	179000001	4545	3
0	195000000	6005	3
1	180000001	7512	3
0	196000000	5294	3
1	182000001	4390	3
0	197000000	4555	3
1	183000001	4256	3
0	198000000	4017	3
1	184000001	4929	3
0	199000000	4169	3
1	185000001	5106	3
0	200000000	5980	3
1	186000001	4936	3
0	201000000	4190	3
1	187000001	4111	3
0	202000000	5149	3
0	203000000	4768	3
1	188000001	9126	3
0	204000000	5727	3
1	189000001	5337	3
0	205000000	5666	3
1	190000001	4038	3
0	206000000	5906	3
0	207000000	3952	3
1	191000001	8731	3
0	208000000	4232	3
1	192000001	5711	3
0	210000000	4438	3
1	193000001	5255	3
0	211000000	3934	3
1	195000001	4642	3
0	212000000	4472	3
1	196000001	4740	3
0	213000000	6290	3
1	197000001	4494	3
0	215000000	3897	3
1	198000001	5311	3
0	216000000	4015	3
1	199000001	3864	3
1	200000001	3863	3
0	217000000	8045	3
1	201000001	4196	3
0	218000000	10291	3
1	202000001	7048	3
0	221000000	4238	3
1	203000001	4675	3
0	222000000	5470	3
1	204000001	5048	3
0	223000000	5307	3
1	205000001	4260	3
1	206000001	4639	3
0	224000000	8560	3
1	207000001	3854	3
0	225000000	3998	3
1	209000001	4801	3
0	226000000	6195	3
1	210000001	5029	3
1	211000001	3787	3
0	227000000	6133	3
0	228000000	6407	3
1	213000001	9230	3
0	229000000	4553	3
1	214000001	4024	3
0	231000000	3987	3
1	215000001	5001	3
0	232000000	3807	3
1	219000001	6725	3
0	233000000	3602	3
0	235000000	4105	3
1	220000001	8574	3
0	236000000	4660	3
1	221000001	4398	3
0	237000000	5872	3
1	222000001	4097	3
0	238000000	5189	3
1	223000001	3658	3
0	239000000	3534	3
1	224000001	4648	3
0	240000000	4673	3
1	226000001	5131	3
0	241000000	5824	3
1	227000001	4027	3
0	242000000	4786	3
1	228000001	4587	3
1	229000001	5902	3
0	244000000	3806	3
1	230000001	4150	3
0	245000000	5388	3
1	231000001	3575	3
0	246000000	6059	3
1	232000001	3492	3
0	247000000	4679	3
1	233000001	5169	3
0	251000000	4026	3
1	234000001	5204	3
1	235000001	4154	3
0	253000000	5515	3
1	236000001	3452	3
0	254000000	3434	3
1	237000001	3431	3
0	255000000	4949	3
1	238000001	4190	3
0	256000000	5942	3
1	239000001	3413	3
1	240000001	3702	3
0	257000000	4569	3
1	242000001	3397	3
0	259000000	4360	3
1	244000001	5353	3
0	260000000	6633	3
1	245000001	3715	3
0	261000000	3949	3
1	246000001	3355	3
0	262000000	4105	3
1	247000001	4507	3
0	263000000	5114	3
1	248000001	6176	3
1	249000001	3301	3
0	264000000	8331	3
1	250000001	3286	3
0	265000000	3356	3
0	266000000	5345	3
1	251000001	7967	3
0	267000000	3207	3
1	253000001	4783	3
0	269000000	3183	3
1	254000001	3222	3
0	270000000	6194	3
1	255000001	4055	3
0	272000000	4127	3
1	256000001	3190	3
0	273000000	3995	3
1	257000001	3859	3
1	258000001	3175	3
0	274000000	3153	3
1	259000001	5072	3
0	275000000	4420	3
1	260000001	3154	3
0	277000000	3595	3
0	279000000	3345	3
1	261000001	5210	3
0	280000000	3435	3
1	263000001	4274	3
0	281000000	3315	3
1	266000001	3851	3
0	283000000	3648	3
1	267000001	3671	3
0	284000000	3805	3
0	286000000	3008	3
1	268000001	7505	3
1	269000001	3948	3
0	288000000	5299	3
0	290000000	2973	3
1	270000001	4180	3
1	272000001	4271	3
0	291000000	4471	3
1	273000001	3291	3
0	292000000	5738	3
1	274000001	4170	3
0	293000000	2956	3
1	275000001	4436	3
0	294000000	4995	3
1	276000001	4704	3
0	296000000	3731	3
1	277000001	4552	3
0	297000000	4500	3
1	278000001	3081	3
0	299000000	2837	3
1	279000001	2956	3
0	300000000	3914	3
1	280000001	3758	3
0	301000000	3319	3
1	281000001	5085	3
0	302000000	3554	3
0	303000000	2811	3
1	283000001	4832	3
1	284000001	3890	3
0	304000000	8997	3
1	286000001	4911	3
0	305000000	3541	3
0	306000000	2837	3
1	287000001	7689	3
0	309000000	3488	3
1	288000001	2802	3
0	310000000	2760	3
1	289000001	4115	3
0	311000000	3050	3
0	313000000	3410	3
1	290000001	4069	3
0	314000000	3099	3
1	291000001	3970	3
0	315000000	2698	3
1	292000001	3509	3
0	316000000	4459	3
1	293000001	3674	3
0	317000000	5575	3
1	294000001	3248	3
1	297000001	4230	3
0	318000000	7467	3
1	299000001	2865	3
0	319000000	4326	3
1	302000001	5979	3
0	321000000	2667	3
0	322000000	2681	3
1	304000001	5922	3
0	323000000	2864	3
1	305000001	3362	3
0	324000000	3473	3
1	306000001	2661	3
1	307000001	2658	3
0	326000000	4805	3
1	309000001	4299	3
0	327000000	3692	3
1	310000001	2645	3
0	330000000	5289	3
1	311000001	7206	3
0	333000000	3162	3
1	312000001	3111	3
0	334000000	3714	3
1	313000001	4318	3
0	335000000	3998	3
1	314000001	3352	3
0	336000000	3843	3
1	315000001	3506	3
0	337000000	6434	3
1	316000001	2876	3
0	338000000	4360	3
1	318000001	5543	3
0	339000000	3314	3
1	319000001	2539	3
0	340000000	4522	3
1	320000001	5455	3
1	321000001	2630	3
0	344000000	6357	3
1	322000001	2783	3
0	345000000	2534	3
1	324000001	2971	3
0	347000000	3253	3
1	325000001	4569	3
0	349000000	2949	3
1	326000001	3928	3
0	350000000	5703	3
1	327000001	2587	3
0	351000000	5200	3
1	328000001	5163	3
0	352000000	3188	3
1	329000001	2459	3
1	331000001	2542	3
0	354000000	5429	3
1	332000001	3629	3
0	355000000	4637	3
0	356000000	3180	3
1	333000001	6629	3
0	358000000	3084	3
1	334000001	4508	3
0	359000000	2941	3
1	335000001	4070	3
0	360000000	2822	3
1	336000001	2532	3
0	361000000	4307	3
1	338000001	2952	3
0	362000000	3467	3
1	339000001	4405	3
0	363000000	3810	3
1	340000001	2398	3
0	364000000	3708	3
1	342000001	3054	3
1	344000001	2635	3
0	366000000	2671	3
1	346000001	2588	3
0	367000000	3141	3
0	368000000	3288	3
1	347000001	6479	3
0	369000000	4037	3
1	348000001	3599	3
0	371000000	2240	3
1	349000001	3371	3
0	373000000	4004	3
1	350000001	3393	3
0	375000000	2419	3
1	351000001	7377	3
0	377000000	5154	3
0	378000000	2332	3
1	352000001	4050	3
0	379000000	3210	3
1	353000001	2779	3
0	380000000	2884	3
0	381000000	3270	3
1	356000001	7081	3
1	359000001	2698	3
0	382000000	4223	3
1	360000001	3014	3
0	385000000	3174	3
0	386000000	3300	3
1	361000001	4458	3
0	387000000	2522	3
1	363000001	2529	3
0	388000000	2183	3
1	367000001	2589	3
0	389000000	2519	3
0	390000000	2700	3
1	368000001	3680	3
1	371000001	2413	3
0	392000000	3045	3
1	372000001	2502	3
0	393000000	3236	3
1	374000001	2779	3
0	395000000	2462	3
0	397000000	3250	3
1	376000001	2922	3
0	398000000	2763	3
1	377000001	3091	3
0	401000000	2226	3
1	378000001	2954	3
0	402000000	2449	3
0	403000000	2380	3
1	380000001	4201	3
0	404000000	2097	3
1	383000001	3348	3
0	405000000	4310	3
0	406000000	4653	3
1	387000001	6639	3
1	388000001	2676	3
0	407000000	3767	3
1	389000001	3594	3
0	408000000	3945	3
1	391000001	2679	3
0	409000000	3617	3
1	392000001	2117	3
1	394000001	2032	3
0	410000000	4914	3
1	395000001	2684	3
0	414000000	3150	3
1	396000001	3894	3
0	416000000	2940	3
1	397000001	4113	3
0	417000000	5748	3
1	398000001	4853	3
0	418000000	3143	3
1	399000001	3107	3
0	419000000	2376	3
1	402000001	3429	3
0	420000000	3222	3
1	403000001	3844	3
0	421000000	3614	3
1	404000001	3753	3
1	405000001	2466	3
0	422000000	3875	3
1	406000001	2723	3
0	423000000	2456	3
1	407000001	2219	3
0	426000000	2965	3
1	410000001	2547	3
0	428000000	2122	3
1	412000001	1919	3
0	429000000	1800	3
1	413000001	3286	3
0	430000000	3410	3
0	431000000	1839	3
1	416000001	2574	3
1	417000001	2374	3
0	432000000	2995	3
1	418000001	2707	3
0	433000000	2656	3
1	420000001	3118	3
0	437000000	4420	3
0	438000000	3298	3
1	421000001	4078	3
0	439000000	2553	3
1	422000001	3013	3
0	440000000	1765	3
1	424000001	1865	3
1	426000001	4154	3
1	427000001	1874	3
0	442000000	10368	3
0	443000000	2980	3
1	428000001	3512	3
1	429000001	1795	3
1	431000001	2154	3
0	444000000	4840	3
1	432000001	1783	3
0	445000000	1960	3
1	434000001	2690	3
0	446000000	1685	3
1	435000001	2345	3
1	436000001	1896	3
0	450000000	6027	3
0	452000000	1962	3
1	437000001	4634	3
0	453000000	2179	3
1	438000001	2338	3
1	439000001	2029	3
0	456000000	3806	3
0	457000000	2694	3
0	458000000	5314	3
1	442000001	8161	3
0	459000000	2731	3
1	443000001	3990	3
0	461000000	1607	3
1	444000001	1720	3
0	462000000	2002	3
1	445000001	2821	3
1	446000001	1909	3
0	465000000	3002	3
1	447000001	4995	3
0	466000000	4148	3
1	448000001	3160	3
0	467000000	4936	3
1	449000001	2430	3
1	450000001	1672	3
0	468000000	2745	3
1	451000001	1754	3
0	469000000	1669	3
1	452000001	2265	3
0	470000000	2044	3
1	453000001	2781	3
0	473000000	3953	3
1	454000001	5554	3
0	474000000	4562	3
1	455000001	2152	3
0	475000000	1528	3
1	459000001	2293	3
0	476000000	2561	3
0	477000000	3099	3
1	460000001	3979	3
0	478000000	1507	3
1	463000001	2946	3
0	480000000	2225	3
0	481000000	1873	3
1	465000001	4919	3
1	469000001	2315	3
0	483000000	3036	3
1	472000001	1551	3
1	473000001	2110	3
0	484000000	3803	3
0	487000000	2479	3
1	474000001	6931	3
0	488000000	4060	3
1	475000001	2676	3
0	489000000	3093	3
0	497000000	1662	3
1	476000001	3875	3
0	498000000	1405	3
1	477000001	2467	3
0	506000000	1379	3
0	507000000	1372	3
1	478000001	1491	3
1	479000001	1765	3
0	508000000	2108	3
1	480000001	1846	3
0	509000000	1356	3
0	510000000	1346	3
1	481000001	2318	3
0	513000000	1392	3
1	484000001	2411	3
0	515000000	2780	3
1	486000001	1892	3
0	516000000	1534	3
1	488000001	2301	3
0	517000000	2254	3
1	489000001	3987	3
0	518000000	5428	3
1	492000001	3303	3
1	493000001	2357	3
1	494000001	1487	3
1	496000001	1713	3
1	497000001	1748	3
0	523000000	9284	3
0	525000000	2398	3
1	498000001	2570	3
1	499000001	1860	3
1	500000001	1583	3
1	501000001	1497	3
0	526000000	1619	3
1	502000001	3340	3
1	504000001	1354	3
0	527000000	2184	3
1	505000001	1432	3
0	529000000	2990	3
0	530000000	1526	3
1	506000001	2659	3
1	507000001	2436	3
1	509000001	2073	3
0	531000000	5497	3
0	533000000	2673	3
0	535000000	1217	3
1	510000001	5421	3
0	537000000	1278	3
0	538000000	1362	3
0	540000000	1204	3
1	516000001	4762	3
0	542000000	2175	3
1	517000001	1280	3
1	520000001	1551	3
0	544000000	1581	3
0	545000000	1381	3
1	521000001	1670	3
1	522000001	1965	3
0	549000000	1694	3
1	523000001	1726	3
1	524000001	1323	3
0	550000000	4244	3
1	525000001	2164	3
0	551000000	2774	3
1	526000001	2297	3
0	552000000	2148	3
0	553000000	1214	3
0	554000000	3267	3
0	560000000	1477	3
1	528000001	5881	3
1	529000001	1243	3
0	561000000	2413	3
1	533000001	2486	3
1	534000001	1212	3
0	562000000	4278	3
0	564000000	1789	3
1	537000001	1757	3
0	565000000	1320	3
0	566000000	1713	3
1	540000001	3938	3
0	569000000	1393	3
0	570000000	1584	3
1	541000001	2958	3
1	542000001	2450	3
1	544000001	1537	3
0	573000000	1112	3
1	545000001	3134	3
0	574000000	3242	3
0	577000000	1006	3
1	546000001	3023	3
0	578000000	1255	3
1	548000001	2230	3
0	581000000	3398	3
0	585000000	2847	3
1	549000001	3547	3
0	586000000	1274	3
1	551000001	1182	3
0	587000000	988	3
0	588000000	966	3
1	552000001	2080	3
0	590000000	1393	3
1	554000001	2642	3
1	555000001	1415	3
0	591000000	4125	3
1	557000001	2234	3
0	593000000	2857	3
0	595000000	1028	3
1	558000001	2036	3
0	597000000	2017	3
1	559000001	1648	3
0	604000000	973	3
1	560000001	1280	3
1	561000001	1087	3
0	605000000	2430	3
0	607000000	895	3
0	608000000	1053	3
0	610000000	896	3
1	562000001	4683	3
0	613000000	915	3
1	564000001	1095	3
0	616000000	2024	3
1	565000001	2455	3
0	617000000	2606	3
1	566000001	1818	3
0	618000000	1035	3
1	567000001	1344	3
1	570000001	1021	3
0	619000000	1754	3
0	622000000	859	3
1	571000001	2090	3
0	623000000	1476	3
1	573000001	1239	3
0	624000000	1016	3
0	626000000	836	3
1	576000001	3374	3
1	579000001	1135	3
1	580000001	1432	3
1	581000001	2428	3
0	627000000	1346	3
1	582000001	1744	3
0	628000000	1194	3
1	586000001	1023	3
0	631000000	852	3
0	634000000	1421	3
1	587000001	2722	3
0	636000000	1262	3
0	639000000	2522	3
1	588000001	4630	3
0	640000000	802	3
0	641000000	1387	3
0	643000000	769	3
0	646000000	1022	3
1	589000001	3177	3
1	591000001	1219	3
0	647000000	1897	3
1	592000001	1256	3
0	648000000	1454	3
0	651000000	945	3
0	653000000	868	3
0	654000000	726	3
1	593000001	4704	3
0	655000000	2412	3
1	595000001	2864	3
0	656000000	1732	3
0	658000000	1007	3
1	596000001	1018	3
0	659000000	962	3
0	662000000	1453	3
1	598000001	2057	3
1	600000001	1744	3
0	666000000	3156	3
0	667000000	879	3
1	601000001	2367	3
0	674000000	2725	3
1	604000001	1733	3
1	606000001	867	3
1	607000001	2718	3
1	608000001	1102	3
0	677000000	5657	3
1	612000001	1803	3
0	678000000	636	3
1	613000001	820	3
0	681000000	1280	3
0	684000000	846	3
1	616000001	3589	3
0	687000000	2617	3
1	618000001	1156	3
1	620000001	833	3
0	688000000	1998	3
1	621000001	2490	3
0	689000000	2372	3
1	624000001	1055	3
0	693000000	1231	3
1	625000001	1897	3
1	627000001	945	3
0	694000000	2501	3
0	695000000	3169	3
1	629000001	4168	3
0	698000000	1289	3
0	699000000	1169	3
1	634000001	2848	3
0	700000000	1858	3
1	638000001	1644	3
0	702000000	2032	3
1	640000001	1553	3
0	705000000	1218	3
0	708000000	1234	3
1	644000001	3386	3
0	709000000	785	3
0	711000000	1079	3
1	648000001	4466	3
0	715000000	3505	3
1	651000001	4950	3
0	716000000	3220	3
0	718000000	778	3
0	721000000	1544	3
1	655000001	3968	3
0	723000000	489	3
1	658000001	774	3
1	666000001	881	3
0	726000000	1708	3
1	667000001	1085	3
1	668000001	1044	3
0	727000000	2552	3
1	670000001	2035	3
0	731000000	1133	3
0	735000000	699	3
0	738000000	715	3
1	671000001	2359	3
1	673000001	1226	3
0	739000000	2071	3
0	740000000	758	3
1	674000001	2499	3
0	743000000	1195	3
1	676000001	2146	3
0	746000000	1976	3
0	750000000	394	2
1	678000001	849	3
1	679000001	2301	3
0	757000000	454	3
1	684000001	1070	3
0	760000000	1006	3
0	762000000	405	3
0	764000000	488	2
1	687000001	1046	3
0	766000000	600	3
0	767000000	903	3
0	769000000	458	3
0	770000000	525	3
1	688000001	2225	3
0	772000000	509	3
1	691000001	1208	3
0	773000000	640	3
1	695000001	2047	3
0	774000000	2047	3
1	697000001	1041	3
1	703000001	1266	3
1	704000001	584	3
0	775000000	4666	3
1	709000001	1634	3
0	777000000	383	3
0	778000000	759	3
0	779000000	399	3
0	782000000	544	3
1	710000001	2722	3
0	784000000	792	3
1	722000001	1008	3
1	724000001	1595	3
0	786000000	3386	3
0	788000000	407	3
0	789000000	330	3
1	725000001	2570	3
0	792000000	509	3
0	793000000	444	3
0	799000000	438	3
0	800000000	1049	3
1	726000001	3164	3
0	802000000	2130	3
0	806000000	279	3
0	807000000	957	3
0	808000000	769	3
1	727000001	1532	3
0	809000000	668	3
0	813000000	708	3
0	815000000	595	4
0	818000000	891	3
1	729000001	3661	3
0	820000000	375	3
0	823000000	274	3
1	730000001	1536	3
0	824000000	516	3
0	829000000	427	3
1	731000001	749	3
0	830000000	385	3
0	832000000	238	2
0	835000000	287	3
1	732000001	2208	3
0	838000000	2357	3
0	839000000	602	3
0	841000000	1313	3
0	843000000	396	3
0	848000000	242	3
0	850000000	263	3
0	854000000	363	3
0	856000000	257	3
0	859000000	222	3
0	860000000	226	3
0	861000000	396	3
0	863000000	207	3
0	864000000	281	3
0	866000000	422	3
0	870000000	197	3
0	876000000	320	3
0	877000000	206	3
0	878000000	187	3
0	879000000	363	3
1	733000001	9124	3
1	734000001	923	3
0	886000000	948	3
1	735000001	3512	3
0	887000000	791	3
1	741000001	1912	3
0	888000000	2900	3
1	743000001	1650	3
0	889000000	229	3
1	746000001	774	3
1	750000001	447	3
0	893000000	860	3
0	894000000	332	3
0	897000000	172	3
0	899000000	470	3
0	901000000	181	3
0	903000000	241	3
0	904000000	183	3
1	752000001	1792	3
0	907000000	188	3
0	908000000	277	3
1	757000001	752	3
0	911000000	724	3
0	915000000	169	3
0	917000000	404	3
0	923000000	343	3
1	761000001	1562	3
0	927000000	229	2
1	763000001	362	3
1	766000001	551	3
0	928000000	743	3
1	767000001	692	3
0	929000000	461	3
0	931000000	3100	3
1	770000001	3484	3
0	933000000	351	3
1	774000001	465	3
1	776000001	651	3
0	934000000	1149	3
1	777000001	966	3
0	936000000	425	3
0	937000000	152	3
0	940000000	1041	3
1	778000001	4386	3
0	941000000	1712	3
0	942000000	156	3
0	943000000	152	3
0	944000000	289	3
1	780000001	897	3
0	946000000	184	3
1	782000001	350	3
0	948000000	130	3
0	949000000	141	3
0	950000000	437	3
1	783000001	717	3
0	955000000	319	3
1	784000001	1073	3
0	959000000	121	3
0	961000000	122	3
0	962000000	340	3
0	967000000	127	3
0	970000000	112	2
0	971000000	235	3
0	972000000	111	2
0	973000000	159	3
0	974000000	407	3
1	785000001	1738	3
0	975000000	235	3
0	976000000	134	3
0	979000000	264	3
1	787000001	1211	3
1	790000001	383	3
0	981000000	1177	3
1	792000001	585	3
0	982000000	708	3
1	797000001	503	3
1	799000001	393	3
0	983000000	379	3
0	985000000	106	2
0	986000000	167	2
0	987000000	106	2
1	801000001	436	3
0	988000000	186	3
1	802000001	563	3
0	990000000	197	3
0	991000000	106	3
0	995000000	99	2
0	997000000	98	2
0	998000000	102	3
0	999000000	155	3
0	1004000000	149	3
1	805000001	1452	3
0	1005000000	146	3
0	1007000000	320	3
1	807000001	597	3
0	1009000000	168	3
1	810000001	890	3
1	812000001	672	3
1	813000001	813	3
1	817000001	281	3
1	825000001	1158	3
1	830000001	313	3
1	833000001	1517	3
1	834000001	733	3
1	836000001	1028	3
1	837000001	312	3
1	838000001	1512	4
1	839000001	1751	3
1	842000001	469	3
1	844000001	636	3
1	845000001	328	3
1	849000001	1842	3
1	850000001	262	3
1	852000001	233	3
1	855000001	631	3
1	856000001	319	3
1	857000001	319	3
1	859000001	642	3
1	860000001	1155	3
1	862000001	209	3
1	865000001	3382	3
1	867000001	1321	3
1	873000001	196	2
1	874000001	198	3
1	879000001	191	3
1	881000001	307	3
1	884000001	942	3
1	886000001	183	3
1	890000001	423	3
1	892000001	405	3
1	895000001	378	3
1	897000001	172	3
1	899000001	365	3
1	900000001	589	3
1	901000001	240	3
1	904000001	688	3
1	907000001	300	3
1	909000001	162	3
1	911000001	176	3
1	912000001	225	3
1	917000001	155	3
1	918000001	213	3
1	923000001	152	3
1	924000001	233	3
1	926000001	202	3
1	927000001	168	3
1	930000001	415	3
1	935000001	480	3
1	936000001	365	3
1	938000001	1838	3
1	945000001	131	2
1	949000001	197	3
1	950000001	161	3
1	951000001	248	3
1	954000001	251	3
1	956000001	251	3
1	960000001	1189	3
1	962000001	581	3
1	965000001	205	3
1	966000001	376	3
1	967000001	214	3
1	968000001	118	2
1	969000001	121	3
1	973000001	313	3
1	974000001	376	3
1	978000001	132	3
1	979000001	109	2
1	982000001	107	2
1	983000001	149	3
1	986000001	105	2
1	987000001	182	3
1	988000001	121	3
1	994000001	371	3
1	999000001	107	3
1	1002000001	229	3
1	1008000001	662	3
1	1009000001	95	2
1	1011000001	1575	4
1	1015000001	300	3
1	1016000001	95	3
