FQ312003.1
1 655
40184 42007
63652 66693
73764 76046
95241 95615
116234 116335
129752 133271
169100 174808
198078 201515
234352 237011
287219 287323
288988 291877
293527 294835
317165 317480
318789 319733
335391 335559
336596 336764
340602 340660
350622 351047
360105 360223
372454 372744
395549 396926
428288 428554
437285 438767
446541 448815
465966 467898
488750 488869
501021 501452
503034 503786
520749 521687
529104 531230
537404 537982
554404 559701
563792 564035
581830 582607
587848 589546
611056 613874
617105 617501
621426 621523
635650 636252
644541 644637
649663 650327
653123 653410
668823 673741
685201 686312
706653 709520
737495 738049
755898 757358
765653 765738
788272 788743
789392 790202
790721 791158
812613 813459
818259 819235
829263 829867
831092 831169
831862 832381
833048 834756
839105 847399
868290 868922
905851 906140
910443 910805
921729 921997
929127 929975
962999 965250
971994 972174
981640 982233
1004253 1005205
1012477 1016985
1038287 1042911
1056486 1056599
1059169 1059226
1061001 1061595
1062459 1062680
1067128 1067817
1070366 1072580
1082891 1084909
1091907 1092479
1093452 1094177
1094951 1096636
1098837 1099932
1114434 1115083
1122341 1122546
1130846 1131694
1132288 1132968
1141244 1141342
1156464 1158084
1164227 1164594
1180532 1180876
1189887 1190383
1200494 1201984
1213988 1215708
1231975 1232751
1235371 1237359
1253904 1254006
1270936 1271529
1283248 1283737
1287035 1287213
1293401 1297378
1305982 1306106
1317157 1317855
1335050 1335596
1340766 1341212
1356468 1356521
1380648 1382677
1392646 1392860
1398173 1398407
1407150 1408612
1425513 1426277
1439430 1440373
1486407 1488956
1499450 1500400
1505824 1507169
1530302 1531184
1546655 1547119
1555180 1555806
1558961 1559069
1582095 1582724
1593517 1596718
1597457 1597767
1607490 1607748
1609758 1610051
1619957 1620080
1634928 1635296
1647937 1648750
1695172 1698292
1723468 1724676
1764943 1766752
1789027 1790156
1803643 1803713
1809471 1810425
1824336 1825160
1833218 1836730
1848267 1850271
1864261 1865475
1871895 1872659
1901615 1902443
1915713 1916085
1920400 1922022
1923432 1923812
1942467 1943612
1959935 1962389
1965854 1967553
1993231 1995014
2002509 2003824
2006267 2006552
2010753 2010888
2038788 2039298
2043697 2043816
2057287 2061187
2061970 2062218
2062286 2062364
2063255 2063514
2065602 2066382
2067226 2067542
2069482 2070310
2070479 2070939
2073120 2073521
2086694 2086934
2091954 2092219
2093785 2093959
2102303 2103046
2143086 2143198
2148267 2149101
2164487 2165415
2165961 2167002
2183958 2184549
2194591 2194815
2236675 2238126
2247929 2248151
2257603 2259604
2267085 2270687
2279754 2279804
2285480 2285594
2293658 2293713
2326794 2327186
2337373 2338397
2339860 2339931
2341008 2341149
2342095 2342610
2345175 2345757
2351379 2351793
2369259 2374886
2379167 2379348
2384336 2385384
2400674 2401284
2419966 2420625
2441654 2441989
2454318 2455280
2480088 2481269
2487679 2488718
2529548 2530106
2542867 2543483
2565033 2566120
2576967 2577568
2579900 2581424
2586456 2587157
2616843 2617626
2628444 2629248
2631594 2631890
2648633 2648713
2656214 2657657
2664029 2665708
2684096 2684693
2692499 2695707
2714766 2717607
2728384 2728583
2730390 2730512
2731183 2731342
2732252 2735258
2741188 2741493
2741677 2742991
2756767 2757338
2758518 2758963
2761526 2761622
2762694 2763428
2763588 2766092
2766470 2767610
2768052 2770545
2770694 2775632
2790788 2791609
2796801 2802347
2812656 2812905
2815288 2826062
2855274 2900553
2908570 2908972
2917307 2921079
2926732 2927513
2933678 2934379
2936880 2937356
2977106 2980173
2992002 2993181
3043459 3043675
3069225 3070829
3099263 3100129
3111726 3111871
3116381 3117918
3130240 3136093
3143304 3145483
3155413 3155465
3161903 3162670
3165674 3168237
3195484 3196897
3238970 3239141
3243242 3243671
3253169 3253270
3259450 3260200
3262014 3262137
3274046 3275722
3284647 3289234
3312583 3313422
3337599 3337713
3346822 3347022
3387934 3390248
3412967 3417419
3424975 3426915
3434859 3435450
3452316 3452729
3475561 3479207
3485357 3485958
3518278 3520100
3540253 3543369
3552471 3555702
3587917 3588552
3589695 3593673
3620026 3620891
3650749 3651342
3656607 3657504
3664984 3667766
3703706 3704017
3708018 3708599
3745846 3746877
3765167 3766565
3778223 3783458
3805416 3806141
3837179 3841157
3859214 3860220
3865393 3867956
3874712 3877061
3900746 3900856
3903583 3904516
3905036 3907939
3912139 3914731
3924027 3924151
3931778 3932021
3933440 3934915
3935798 3936070
3974528 3974629
3977614 3977860
3981908 3982008
3992663 3994098
4034070 4039860
4074671 4075072
4078513 4078935
4082904 4084171
4101767 4101825
4121143 4121290
4122667 4126844
4217308 4223091
4246755 4249004
4268662 4268955
4277332 4277390
4281623 4283172
4284662 4289127
4294774 4295599
4302450 4302757
4327039 4329449
4372272 4377877
4381510 4381948
4396063 4396253
4397310 4397740
4407807 4411179
4415836 4421477
4442530 4445651
4471796 4474169
4498351 4498634
4507863 4508169
4509885 4510219
4510901 4511657
4518627 4518925
4545748 4554772
4592762 4597957
4606779 4611845
4617077 4617463
4634685 4636351
4640818 4644783
4667624 4667753
4688203 4689894
4755886 4756245
4774040 4774377
4783139 4783499
4796846 4797877
4828428 4829258
4831251 4832258
4856357 4856647
4874659 4878012
