		% of divergence bins:
Rclass	Rfam	[0;1[	[1;2[	[2;3[	[3;4[	[4;5[	[5;6[	[6;7[	[7;8[	[8;9[	[9;10[	[10;11[	[11;12[	[12;13[	[13;14[	[14;15[	[15;16[	[16;17[	[17;18[	[18;19[	[19;20[	[20;21[	[21;22[	[22;23[	[23;24[	[24;25[	[25;26[	[26;27[	[27;28[	[28;29[	[29;30[	[30;31[	[31;32[	[32;33[	[33;34[	[34;35[	[35;36[	[36;37[	[37;38[	[38;39[	[39;40[	[40;41[	[41;42[	[42;43[	[43;44[	[44;45[	[45;46[	[46;47[	[47;48[	[48;49[	[49;50[

Retro	Retro	9777	33148	64106	102812	233998	353283	545076	760350	844955	838161	821058	657171	634961	617016	562543	544411	483547	483258	481427	446121	434327	377012	349979	301632	240923	209776	168011	132901	110970	73881	65034	38216	28434	9755	5198	2798	854	771	235	0	0	0	0	0	0	0	0	0	0	0
LINE	RTE-BovB	1060	3308	23647	36979	60729	84451	145257	221332	162308	134960	163312	162752	200045	225167	261893	216520	208342	177818	180492	188728	196180	215183	227630	187398	164205	159892	127233	107679	74893	42815	35265	22381	13347	9163	2253	1606	711	0	26	0	0	0	0	0	0	0	0	0	0	0
DNA	Maverick	42	0	48	0	43	39	0	726	830	2804	4948	6246	8410	10505	10041	14412	13522	8650	12706	15841	18684	21630	26761	18429	19287	7905	6407	3583	2103	1591	955	1394	241	160	0	0	0	0	0	0	0	0	0	0	0	0	0	0	0	0
DNA	MULE-MuDR	632	15842	43283	92595	72647	46594	54395	129150	66156	50900	57851	99053	109749	167164	150318	118155	78897	71462	39888	43941	37465	40077	35562	38608	42758	34588	62972	62086	40275	41010	40118	43450	20136	14029	7760	3163	3362	0	460	0	0	0	0	0	0	0	0	0	0	0
DNA	DNA	40642	180211	268119	443231	720686	850771	968757	1123837	1386459	1611499	1785534	1775118	1737411	1707666	1648030	1589270	1577864	1520740	1484448	1440231	1372503	1209622	1019502	860839	668817	543223	387134	276340	199566	125069	88956	64428	32988	22708	8431	3826	2000	979	142	0	0	0	0	0	0	0	0	0	0	0
LINE	LINE	121116	68646	83718	198827	318665	376976	446987	458795	521752	471117	542134	502613	494705	454804	423740	436863	425330	392249	372960	416994	366656	331393	309364	265113	216317	182486	143619	99663	68275	43456	27090	18273	12712	6024	5700	1642	1052	0	0	0	0	0	0	0	0	0	0	0	0	0
DNA	Ginger-1	28	0	70	0	100	622	950	2638	1419	857	3193	3415	3666	1830	2632	1709	2098	2452	3080	2832	1960	1704	1714	1195	839	175	83	113	0	0	0	0	0	0	0	0	0	0	0	0	0	0	0	0	0	0	0	0	0	0
DNA	hAT-hATm	0	0	0	0	0	0	0	0	0	0	0	0	470	644	596	0	0	0	45	129	120	126	0	0	0	0	0	0	180	0	0	0	0	0	0	0	0	0	0	0	0	0	0	0	0	0	0	0	0	0
RC	Helitron	391	1620	3954	10322	15941	33447	32775	54604	57378	51202	56216	72238	89657	104281	114073	121400	104184	108420	98657	109936	103878	82335	84991	71184	64425	72666	45728	31713	32037	28430	16250	12199	6437	6347	2606	1102	686	218	314	0	0	0	0	0	0	0	0	0	0	0
DNA	CMC-EnSpm	8641	30958	49257	60278	71221	124501	125075	121615	124338	109978	79934	74626	71418	99643	70624	74327	64134	56097	59872	65580	62384	54564	53756	48663	50488	76113	75918	128340	167964	150950	93441	62011	25300	21985	5249	4318	1517	413	0	0	0	0	0	0	0	0	0	0	0	0
SINE	SINE	1756	12366	80658	193804	186051	192987	159144	132375	132880	139125	157079	162064	173641	179196	179250	176675	171449	153633	130173	126846	116599	95176	89321	74588	63117	61453	57659	43266	29334	25025	16896	14422	9774	7980	5188	2013	739	0	340	0	0	0	0	0	0	0	0	0	0	0
LINE	L1	1191	3038	6712	13904	43319	44941	65765	104127	169278	176526	171312	193382	204046	181430	242078	247589	310032	288972	273156	280343	338891	400513	441496	497011	650492	677395	773981	901693	893837	692362	547883	340727	180508	77525	26362	5583	2009	841	0	0	0	0	0	0	0	0	0	0	0	0
LINE	Penelope	0	0	0	0	0	0	0	0	215	2030	4535	5828	5763	5464	2223	1283	1578	2080	3235	2083	2339	2167	2893	1220	1268	1370	1004	261	190	120	0	0	0	0	0	0	0	0	0	0	0	0	0	0	0	0	0	0	0	0
DNA	TcMar-Pogo	25	0	1479	6642	12929	26722	16951	16375	13708	7813	4481	4070	3719	1088	608	2475	2446	2875	5528	4926	5848	4862	5457	5564	5959	6459	6056	4935	3989	4059	3615	2041	1544	1214	434	487	148	0	0	0	0	0	0	0	0	0	0	0	0	0
SINE?	SINE?	2598	3005	3292	2443	2710	4118	3142	2142	2739	2091	4885	2344	1837	3757	2207	4459	1856	2941	3253	3014	4568	3041	1584	904	174	1119	439	285	386	251	304	87	0	0	0	0	0	0	0	0	0	0	0	0	0	0	0	0	0	0
DNA	hAT-Tip100	53	160	457	504	2046	4792	20074	15822	12532	6879	9693	8453	9444	13821	14788	17370	18378	18720	19728	14317	13113	12948	13059	12061	9405	10064	6381	2442	2290	391	1418	3026	653	0	121	0	0	0	0	0	0	0	0	0	0	0	0	0	0	0
SINE	tRNA	2514	24410	71185	76028	60648	34044	28365	14730	20659	10480	12728	11810	8223	8520	10142	13334	13208	16773	14817	14357	17064	16102	18244	17068	10499	10053	4352	3096	2243	1591	469	844	487	0	355	80	0	0	0	0	0	0	0	0	0	0	0	0	0	0
DNA	PIF-Harbinger	5463	16327	52850	141748	100786	73630	98932	98577	115070	100618	99184	109661	121929	104531	98206	105192	98570	88070	95390	83689	87435	79245	79598	77492	62296	52961	45090	42064	36068	18513	16347	8394	4354	1439	2431	175	0	0	0	0	0	0	0	0	0	0	0	0	0	0
LTR	Pao	90	311	105	1862	3541	23000	34606	17679	6417	5264	3298	2833	5845	7354	5186	4780	8077	9753	8379	8394	11217	8125	7635	11028	6501	4405	6609	5730	3692	1638	491	520	554	734	0	0	0	0	0	0	0	0	0	0	0	0	0	0	0	0
DNA	hAT-Charlie	0	0	0	238	1588	4813	5681	3544	1972	1395	9534	8047	3298	3617	11152	5446	7520	3310	4413	2402	2560	3852	2718	1806	1170	1728	1432	442	514	170	171	170	0	0	0	0	0	0	0	0	0	0	0	0	0	0	0	0	0	0
LINE	R1-LOA	0	229	0	1835	3553	3705	1664	2096	1620	619	1212	1704	2483	2345	1291	409	622	1754	836	908	54	154	593	199	0	179	133	0	137	205	0	0	0	0	0	0	0	0	0	0	0	0	0	0	0	0	0	0	0	0
DNA	TcMar-Stowaway	424	4644	40257	97804	159991	189508	200296	215320	207808	202456	199629	230460	256747	290731	316270	353291	358869	371494	355982	324227	312529	276642	241122	199255	162781	117805	79265	51165	30195	16182	8515	5503	1986	563	196	128	0	0	0	0	0	0	0	0	0	0	0	0	0	0
SINE	tRNA-RTE	903	3362	7523	7529	12598	15561	18703	25660	23891	19407	20089	22106	20677	31714	25794	33620	36682	40533	37929	36502	38798	36299	34006	31871	26851	23927	20124	15137	12368	8122	6187	4656	2321	1173	407	245	222	0	118	0	0	0	0	0	0	0	0	0	0	0
LTR	Copia	6153	37191	132378	472502	546181	599521	896612	822040	881048	726081	635872	602440	476542	429985	423273	367068	364495	450934	372811	454174	484502	491626	476832	529468	498217	470259	463557	412733	345982	285370	224359	176917	99899	41965	32766	12612	3541	1089	732	0	0	0	0	0	0	0	0	0	0	0
LTR	Caulimovirus	604	17447	42138	16830	38599	14520	9272	20231	8193	7840	693	4233	2485	603	5859	5569	11928	3026	5564	3080	1518	4536	3285	6496	5193	3834	1006	361	2588	6071	4015	1980	1335	0	0	0	0	0	0	0	0	0	0	0	0	0	0	0	0	0
LINE	L2	0	3203	6845	11091	2340	1115	1427	1345	2368	247	0	372	124	45	143	44	541	1329	685	1507	1260	821	1841	760	1933	924	833	301	501	91	194	0	135	0	0	0	0	0	0	0	0	0	0	0	0	0	0	0	0	0
nonLTR	nonLTR	207	904	2432	10965	22999	44961	51039	50418	51106	38148	30101	30699	30439	30020	29710	23708	30502	19562	21381	17990	13673	13088	10971	10164	12733	9782	5526	4103	2304	1671	1032	735	156	110	136	0	0	0	0	0	0	0	0	0	0	0	0	0	0	0
DNA	hAT	0	0	35	236	208	204	1605	1217	2398	4514	4386	5533	5261	5526	10285	9375	14536	15361	20773	21451	22798	23604	18871	16821	16109	13619	11721	8765	6625	2834	1683	1209	498	0	176	0	0	0	0	0	0	0	0	0	0	0	0	0	0	0
LTR	Gypsy	8225	42782	314817	806158	953441	979746	1234609	1518619	1717744	1888060	1785523	1770979	1815504	1942891	1757781	1342854	1559865	1491700	1131898	1003781	949363	975746	982684	918066	835818	686998	476889	416865	386121	329980	244790	171178	99008	58361	28531	15475	8890	2779	451	1105	81	115	0	0	0	0	0	0	0	0
LTR	LTR	20406	83281	211570	366099	496425	793068	1128474	1249666	1322139	1410152	1467322	1399732	1303540	1263698	1272359	1333870	1362736	1207116	1157228	1062902	1073936	1009886	942158	806614	658579	538019	379499	286947	209976	170844	115872	101461	62831	50565	19334	9515	3355	527	716	109	0	0	0	0	0	0	0	0	0	0
DNA	hAT-Ac	3063	34881	150026	188488	263425	271553	244531	240142	244169	254579	277027	268504	283260	290276	299482	333362	335297	351930	349443	318540	322971	299446	268314	252111	223107	186059	149809	115665	107490	61888	46236	27706	18191	11657	5753	2025	1667	504	51	0	0	0	0	0	0	0	0	0	0	0
LINE	R2-NeSL	113	54	0	104	268	41	267	544	1682	3277	7646	11267	15117	19736	20342	18669	21673	18386	15641	10961	6788	4118	4152	4070	2358	2315	1419	786	499	359	348	242	221	0	76	0	0	0	0	0	0	0	0	0	0	0	0	0	0	0
DNA	hAT-Tag1	0	209	1655	7578	8332	5784	10550	17946	20860	32747	26840	25615	22066	17386	19334	25513	26952	28984	32825	27121	29722	25815	28610	18487	16139	16090	11249	8672	7336	4295	2052	2244	1897	653	0	269	0	0	0	0	0	0	0	0	0	0	0	0	0	0
LTR	Cassandra	286	5361	17544	43005	72914	88482	76021	51355	41795	28617	18564	20225	18753	15445	18685	19264	14617	17057	14470	12537	13373	9461	11852	10221	10444	8907	10493	5880	6412	4805	3554	2655	4041	2056	1245	214	228	230	0	233	0	0	0	0	0	0	0	0	0	0
Unknown	Unknown	4924	33889	126482	229392	288099	379445	367282	336660	310592	301543	336469	353718	412129	369319	390675	375547	367944	346003	323029	292923	283359	238993	199196	168958	122322	96710	62796	48092	22755	18688	11681	13507	6692	3457	2572	1726	1209	828	238	0	0	0	0	0	0	0	0	0	0	0
